id, Class_1, Class_2, Class_3, Class_4,Class_5, Class_6, Class_7, Class_8, Class_9
1,0.09352718029086943,0.14771551356438312,0.09466605380368612,0.10143230693927398,0.10927329869466981,0.13768919364984317,0.09651813652399903,0.11950664812658626,0.0996716684066891
2,0.093432559238414,0.14855159868945927,0.09421827100660198,0.10106294844754597,0.10898261706691015,0.138583097779688,0.0961332689554768,0.11944601335094418,0.09958962546495952
3,0.09341334525269071,0.14863384155599257,0.09417266932215983,0.10103153878089934,0.10897168670344551,0.13865836056527123,0.09609781729657284,0.11944114620260343,0.09957959432036444
4,0.0949405992822588,0.14068299265849699,0.09874073168941606,0.10414386042070187,0.11057011245189062,0.13043926140489517,0.10051845054322504,0.11939714100165703,0.10056685054745837
5,0.09342177017003987,0.14860157657924805,0.09419072939864509,0.101040314387834,0.10897651458094139,0.1386262911839422,0.09611913574397903,0.11944245668207581,0.09958121127329442
6,0.09343597450418153,0.1485283539568448,0.09423463800155012,0.10106727907846369,0.10899209803473835,0.138543037932699,0.09616292646962796,0.11943877039035437,0.09959692163154009
7,0.0934130402884746,0.14863423407685702,0.09417305424960964,0.10103163186708969,0.1089719442142258,0.1386586349965463,0.096097811108077,0.11944072309702361,0.09957892610209626
8,0.09341265075579726,0.1486366752989056,0.09417179531854442,0.10103037294315197,0.10897124642403178,0.1386612246099533,0.09609670590231298,0.11944079743079164,0.09957853131651112
9,0.09341477836278873,0.14862786962704527,0.09417605646541556,0.1010335064746062,0.10897274441773869,0.13865286437326255,0.09610092277892275,0.11944136367087785,0.09957989382934233
10,0.09349192928840243,0.148273633362462,0.09437189634610382,0.10117517908230936,0.10904178816435757,0.13830285669561132,0.09627643336513687,0.11944947698782728,0.09961680670778927
11,0.09350173828189337,0.14824988152175442,0.09437839005581644,0.10116825801269083,0.10904902650718236,0.13829171407633678,0.09629045978926677,0.11943660174406563,0.09963393001099358
12,0.0935623555950429,0.14813874880192598,0.0943730741804074,0.1011866642793463,0.10901477090902055,0.13823675996622473,0.09629938872525483,0.11948128556119884,0.09970695198157853
13,0.0934646856977364,0.1484285754066926,0.09430613138343644,0.1010855457909091,0.10901364814255304,0.1384241771826514,0.09624590350404598,0.11942548746144668,0.09960584543052811
14,0.09341265353276741,0.14863666285997523,0.09417180513266984,0.10103037948968209,0.10897124967042945,0.13866120853065667,0.09609671033065698,0.11944079869786271,0.09957853175529957
15,0.0936671933321559,0.14770204788443378,0.09458625112228503,0.10135704115368568,0.1091158359527856,0.13786455223616356,0.09641875092199213,0.11953286455009027,0.09975546284640797
16,0.09341281454721433,0.1486359177273364,0.09417219687518943,0.10103078198033567,0.1089714320379701,0.1386602626413776,0.09609703006784409,0.11944079755747672,0.09957876656525558
17,0.09341606208152736,0.1486221444664652,0.0941785891667956,0.10103482775388846,0.10897304997620226,0.13864863433475227,0.09610324805770759,0.11944129119682156,0.09958215296583975
18,0.0934618504148388,0.14843669373278845,0.0942864586285831,0.10112366107183599,0.10898766925732586,0.13847024004675676,0.09617514099635172,0.1194586011877163,0.09959968466380317
19,0.09347284089631332,0.1483899404706886,0.09432688240434514,0.101125576022512,0.10902248012102017,0.1383734868397956,0.09624299779159161,0.11944812250336742,0.09959767295036624
20,0.09341273063622378,0.14863641869799019,0.09417183540659985,0.10103047413703771,0.10897127435439452,0.13866099435387874,0.09609674894298076,0.11944086593631756,0.09957865753457691
21,0.09341265212079831,0.1486366674517458,0.09417179994616064,0.10103037752740676,0.1089712485194435,0.13866121442471852,0.0960967093727388,0.11944079749603663,0.09957853314095111
22,0.09341420866760057,0.148628774712658,0.09417719224188092,0.10103318129579503,0.10897403340066493,0.13865052006722137,0.09610239690364385,0.11943997943640512,0.09957971327413027
23,0.0934133144411305,0.14863394581404518,0.09417374800958694,0.10103093822870275,0.1089718689903264,0.1386577367199512,0.09609910647146791,0.1194404791983698,0.09957886212641935
24,0.09341265067340702,0.14863667554548296,0.09417179516977037,0.10103037290508217,0.10897124641418784,0.13866122487395977,0.09609670570488547,0.11944079740661587,0.09957853130660842
25,0.09342357483896016,0.1486058880914212,0.09418006974414392,0.1010405834857047,0.10897611560992766,0.13862371259865255,0.09610955560712213,0.11944680656065591,0.09959369346341189
26,0.09341268443887565,0.14863649803357468,0.09417187035852763,0.10103045342913876,0.10897127376748302,0.13866107388584692,0.09609676333469883,0.1194408018316889,0.09957858092016562
27,0.09342781631827435,0.1485832775396684,0.0941995024906347,0.10104616176247362,0.10898016587172217,0.1386069721513129,0.096125259669251,0.11944209051067423,0.09958875368598862
28,0.09386110592169933,0.14707729886425236,0.09494611204933638,0.10155137054244794,0.1091798227595838,0.13715482832423342,0.09678849538203273,0.1195241291222486,0.09991683703416543
29,0.09341265068475513,0.1486366754940347,0.09417179519984951,0.10103037292478749,0.10897124642099859,0.13866122484623644,0.09609670572323983,0.11944079739310949,0.09957853131298877
30,0.0935436497763431,0.14824095887717917,0.09433852945064415,0.101178176993828,0.10898645653110653,0.13830643601072662,0.0962242463277713,0.1195001191281225,0.09968142690427856
31,0.09372460890063863,0.14760407334220838,0.09463881596304091,0.10134165612133607,0.10906992851205839,0.1377524495485741,0.09652501353177695,0.11951210438770468,0.09983134969266177
32,0.0934126529962569,0.14863666716249976,0.0941717987307881,0.1010303747362815,0.1089712480055656,0.13866122014240048,0.09609670915102758,0.1194407965342318,0.09957853254094821
33,0.09342045672032362,0.14861309615807392,0.09418055274676006,0.10103873854094253,0.1089741896061667,0.13864266852822377,0.09610277900644548,0.11944410258574896,0.09958341610731493
34,0.09351449288244856,0.14833247038958414,0.09428556660669436,0.10111076607266158,0.10899571130251,0.1384398535685736,0.09619644892777197,0.11946762433681153,0.09965706591294406
35,0.09350653135301264,0.14833955852147682,0.09429243912717412,0.10112176964336902,0.10900667944044723,0.13837678580603346,0.09622014129257142,0.11947030028033863,0.09966579453557659
36,0.09341265069904486,0.14863667547287437,0.09417179518943022,0.10103037292289671,0.1089712464195222,0.13866122482181983,0.09609670572811264,0.11944079741664386,0.09957853132965547
37,0.0934177550158673,0.14862121057206523,0.09417911285671302,0.10103602354921457,0.1089748720901604,0.13863890881309726,0.09610600499898458,0.1194429313013684,0.09958318080252905
38,0.09341469093745743,0.14863124145123102,0.09417340823756645,0.10103223612941928,0.10897128552440788,0.13865647376242662,0.09609820238240022,0.11944195687381123,0.09958050470127988
39,0.09344766006643228,0.14854418501556926,0.09419106312588857,0.10105842877400946,0.1089755360243046,0.13857722297790778,0.09612129865599921,0.11946270162782271,0.09962190373206611
40,0.09341292334741343,0.14863552549287193,0.09417233700091002,0.10103077973765559,0.10897140768971622,0.13866030981952915,0.09609714583219249,0.11944080281790591,0.09957876826180523
41,0.09341722954448765,0.14862269688165658,0.09417641175936833,0.1010343116927863,0.10897211545067667,0.13865162462996833,0.09610036216490887,0.11944254307114602,0.09958270480500125
42,0.09385369006118707,0.14735371907904346,0.09466762102374494,0.10142351309828822,0.1090556264410606,0.13753290903989068,0.09655279443735265,0.1196103937495295,0.09994973306990276
43,0.09341265107526871,0.1486366742937691,0.0941717958609383,0.10103037322324601,0.10897124670745466,0.138661222996916,0.0960967066572338,0.11944079752308547,0.09957853166208798
44,0.09341445528452254,0.1486295277103001,0.09417682800960663,0.10103216575563784,0.10897250238201418,0.13865267671989387,0.09610222889013424,0.11944029281417769,0.09957932243371304
45,0.09341497833062086,0.14863044891129787,0.09417345275278192,0.10103210708104457,0.10897199651467511,0.13865431741503764,0.09609931792206289,0.11944198795042477,0.09958139312205455
46,0.09350209426904484,0.14841107080587096,0.09422844305565894,0.10109785975532662,0.1089814147589332,0.138436308233384,0.09616469909360387,0.11949504682215531,0.09968306320602224
47,0.09369401413713259,0.14779644674589812,0.09452692992468374,0.10129454153315522,0.10901795106056693,0.1379682147964522,0.0963843461777719,0.11953613419527603,0.09978142142906322
48,0.09343876285876565,0.1485779927814857,0.09417534574415787,0.10105028309778945,0.10896892011269464,0.13860885256361655,0.09610349249100544,0.11946255403556968,0.09961379631491502
49,0.09342087926050321,0.1486146029700669,0.0941803696156207,0.10103837437165747,0.10897181397245866,0.1386398013916224,0.09610295437244563,0.1194454941668862,0.09958570987873865
50,0.09341265107230251,0.14863667423036836,0.09417179583417619,0.10103037339214282,0.10897124638840489,0.1386612238999351,0.09609670610150337,0.11944079757523259,0.0995785315059341
51,0.09341573813413025,0.14862634942652633,0.09417873773599539,0.10103714507404042,0.10896986462221651,0.1386510357030234,0.09609921749008511,0.11944312697190387,0.09957878484207883
52,0.09341265073325376,0.14863667528957944,0.0941717953833245,0.10103037308460606,0.10897124642681323,0.1386612245836886,0.09609670575656508,0.11944079745072166,0.09957853129144763
53,0.09341593192928438,0.14862956364574337,0.09417186249527504,0.10103252782512577,0.10897113309921794,0.13865398361876735,0.09609794589999773,0.11944356613677928,0.09958348534980928
54,0.09349306707789172,0.14840398083966536,0.09426864497225569,0.10110602705199415,0.10898292867135584,0.13844800343988625,0.09618315409897531,0.11947355550449762,0.0996406383434781
55,0.09342617495273846,0.14861067016508425,0.09416781676612156,0.10103865560641949,0.10896900637787307,0.13863595232407128,0.0960973824923053,0.11945423946013074,0.09960010185525572
56,0.09341874624839924,0.1486168767851743,0.09418219703903609,0.10103604943086521,0.10897238527882043,0.13864578731618138,0.09610515996356202,0.11944155680058664,0.09958124113737477
57,0.09341269886203508,0.1486365180833582,0.0941718869135443,0.10103045833948543,0.10897123575264492,0.13866108170942365,0.0960967496105761,0.11944082508784928,0.09957854564108277
58,0.0934133304070887,0.14863462020364818,0.09417270665310855,0.10103105842729104,0.10897137526072315,0.13865967538998517,0.09609735899027072,0.11944100042934859,0.09957887423853612
59,0.09341369186703607,0.14863372028997623,0.09417286357515084,0.10103121302515902,0.10897152512329832,0.1386582806183962,0.09609793714757998,0.119441219224879,0.09957954912852436
60,0.09341280407176673,0.14863616872128155,0.09417204352288608,0.10103045143042975,0.108971321106209,0.13866083131108703,0.09609697765618698,0.1194407762198851,0.09957862596026774
61,0.09341284215816538,0.14863607491411826,0.09417209969989214,0.10103064471034606,0.10897122349418745,0.13866072568464022,0.09609687124272777,0.11944089280113905,0.09957862529478387
62,0.09344226033585679,0.1485451344252648,0.09421472757425423,0.10105305978818008,0.10898220870817814,0.13856056013533272,0.0961487464184708,0.11944724887079634,0.09960605374366609
63,0.0934227009304015,0.14860494940148258,0.09418993008121632,0.10104862259357167,0.10896802611639717,0.13863292495451954,0.09610378568639462,0.1194475222864983,0.09958153794951827
64,0.09341294748333417,0.14863587331891623,0.0941720600694268,0.10103054079941574,0.10897130388823266,0.13866075226295416,0.09609692045695192,0.1194408872077142,0.09957871451305418
65,0.09341601618921708,0.14862582148135925,0.09417711462835793,0.10103230825115313,0.10897272036627784,0.13865237566151623,0.09610243570647395,0.11944064695948355,0.09958056075616112
66,0.0934126543990272,0.1486366668483573,0.09417179658372768,0.1010303768467755,0.10897124520797798,0.13866121836810805,0.09609670569614111,0.11944080081414893,0.09957853523573607
67,0.09342545498724102,0.1486062674729697,0.09417795365733159,0.10104135661337293,0.10897030300990503,0.13863402538779349,0.09610144649777122,0.1194503476452686,0.09959284472834644
68,0.09341265067340751,0.1486366755454813,0.0941717951697713,0.1010303729050815,0.10897124641418753,0.13866122487395702,0.09609670570488787,0.11944079740661653,0.09957853130660953
69,0.09341332474517439,0.14863529029682782,0.09417172601857969,0.10103074112534949,0.1089712282267256,0.13865976133528182,0.0960969659354853,0.11944137799697803,0.09957958431959775
70,0.09349663904412829,0.1484095703730309,0.09425096214402076,0.10111254977533879,0.10897130501610582,0.13844589953102812,0.0961664046658345,0.11948975067755391,0.09965691877295887
71,0.09350924686225506,0.14837483630847104,0.09425994042541293,0.10110854161764063,0.10898138195631782,0.1384410388895158,0.09617898691778172,0.11948580327003389,0.09966022375257111
72,0.0934293075315509,0.14858723820446168,0.0941938787735486,0.10104526873351455,0.10897505344688063,0.138604996451811,0.09612248957543935,0.11944716876466079,0.09959459851813246
73,0.09341360621532835,0.1486347290376319,0.09417178257170498,0.10103089691534806,0.10897135314705889,0.13865856408185917,0.09609737559119941,0.11944164385507962,0.09958004858478964
74,0.09341273606604054,0.14863647357222443,0.09417182201919497,0.1010304399094785,0.10897123870877069,0.13866105515447094,0.09609673151428114,0.1194408659008256,0.09957863715471314
75,0.09354098220528892,0.14828513749106503,0.09429423578030854,0.10113580072093149,0.10898403618211137,0.13835003222525796,0.09621690981498013,0.11950012465208287,0.09969274092797353
76,0.0934126553547487,0.14863666371185205,0.09417179688116738,0.10103037554914977,0.10897124653307654,0.1386612193479311,0.0960967069876749,0.11944079958865242,0.0995785360457471
77,0.0934154592385678,0.14862812878236814,0.09417583841093588,0.10103302997514561,0.10897179725899808,0.13865248733938337,0.0961007943231628,0.11944171832566673,0.09958074634577149
78,0.09341494982330074,0.14863069017984457,0.0941734508850447,0.10103197485703802,0.10897139258158184,0.13865694075186424,0.096098185162675,0.11944189125882629,0.09958052449982464
79,0.09341309760820138,0.14863522215154784,0.09417265449764974,0.10103103199516159,0.10897122719535737,0.13865967847931288,0.0960973293021618,0.11944100524317787,0.0995787535274295
80,0.09341265151982255,0.14863667316295368,0.09417179582343402,0.10103037345647899,0.10897124667127578,0.1386612229794483,0.09609670650716418,0.11944079768482774,0.09957853219459481
81,0.09345424342613982,0.14852316754886677,0.09421193813849128,0.10106529244597856,0.10897609629591384,0.1385505021587861,0.09613975612277682,0.11946121847679053,0.09961778538625632
82,0.0934128384695898,0.1486360990260234,0.09417205998657957,0.10103050511622426,0.10897128913533194,0.1386608276383953,0.09609693327485916,0.11944081711723735,0.0995786302357592
83,0.09343306987613179,0.14857558213527783,0.0942005079466224,0.10105065578518851,0.10897419276196099,0.1385971329430112,0.09612501880075189,0.11944883347879257,0.09959500627226282
84,0.09344277150000367,0.14856008824041733,0.09419416906586481,0.10106382421879022,0.10896559820702183,0.13859055244900917,0.09611102804297235,0.11946409350830191,0.09960787476761877
85,0.09341265067481175,0.14863667554196308,0.09417179517040825,0.10103037290568147,0.10897124641408104,0.13866122487374843,0.09609670570483471,0.1194407974070429,0.09957853130742829
86,0.09341471914265578,0.14863214095247662,0.0941719674056406,0.10103147990580598,0.10897124075232428,0.1386567786547991,0.09609776490897769,0.11944235001817731,0.09958155825914256
87,0.09341363933223562,0.14863428278959903,0.09417213061180164,0.10103080668381188,0.10897115295665384,0.138660918060244,0.09609665253043927,0.11944118407447751,0.09957923296073726
88,0.09342168552944999,0.14861281112938882,0.0941796035430694,0.1010394420910009,0.10897072022892759,0.1386376468363906,0.09610375813489512,0.11944671759281118,0.09958761491406645
89,0.0934728881896605,0.1484708304257033,0.09423377925901973,0.10108903450946234,0.10897301076193028,0.13849012680121003,0.09615822712271564,0.11947464074531156,0.0996374621849867
90,0.09341270118855727,0.14863652738942207,0.09417186121411822,0.10103042293908125,0.10897125043601372,0.13866109728500048,0.09609675860489456,0.11944081721005421,0.09957856373285831
91,0.09341571630279168,0.14862697967495567,0.09417723751374316,0.10103515513779512,0.10897066571358499,0.13865275589192264,0.09609948461686184,0.11944241474172902,0.0995795904066158
92,0.09341277874854113,0.1486361756062344,0.09417217201015397,0.10103057951936277,0.10897127577152008,0.1386606371292449,0.09609702047370476,0.11944080730787632,0.09957855343336162
93,0.0934127946613925,0.14863641446537781,0.09417173239799369,0.10103045161685892,0.10897122116250275,0.13866096689087318,0.09609670041935171,0.11944094630490201,0.09957877208074734
94,0.09342856937673787,0.1485893677721778,0.09419480244725549,0.10105327845146662,0.1089669525336317,0.13862840913937166,0.09610434767951742,0.11944990521590104,0.09958436738394041
95,0.09341265073812839,0.14863667532009917,0.09417179533783832,0.10103037307486437,0.10897124636663985,0.1386612246735965,0.09609670573800067,0.11944079746168251,0.0995785312891501
96,0.09341312073027869,0.1486350356525005,0.09417305323318485,0.10103175597048486,0.10897081801092655,0.13865975595721775,0.09609683095131416,0.11944127257337965,0.09957835692071294
97,0.0934342532083877,0.14857442225899425,0.09419913035742673,0.10105511802380365,0.10896986108515265,0.13860454263125224,0.09611633270889337,0.11945232262271152,0.09959401710337794
98,0.09341686446725574,0.1486265584900655,0.09417340311001375,0.10103259577560454,0.10897123508049035,0.1386563466497708,0.09609783025346087,0.11944288877538677,0.09958227739795171
99,0.0934185012886088,0.1486207874601118,0.09417812810361302,0.10103833720936652,0.10896952790696965,0.13864744707211857,0.09609928229559277,0.11944527640241553,0.09958271226120352
100,0.0934127548980208,0.14863636808999206,0.09417196371817976,0.1010305773967391,0.10897119060034388,0.13866093761410234,0.09609674474012053,0.11944089255955932,0.0995785703829423
101,0.09341267651628847,0.1486366274732677,0.09417178571290603,0.10103038995508527,0.10897124006598882,0.13866117796968544,0.09609670389537013,0.11944082496249131,0.09957857344891678
102,0.0934160832011012,0.14862459869421082,0.09417887908540806,0.10103210858924389,0.10897391255506884,0.13864608254009583,0.09610668974462726,0.11944009644799969,0.09958154914224443
103,0.09341272862392307,0.14863651893987295,0.09417178237950179,0.10103041944507934,0.108971236740676,0.1386610647049575,0.09609672444064378,0.1194408697148033,0.09957865501054236
104,0.09341266563353184,0.14863663300880314,0.09417181370167044,0.10103039008188361,0.10897124600346311,0.13866117708889902,0.09609672282929634,0.11944080649891832,0.0995785451535341
105,0.09341307639421165,0.1486356144533443,0.0941720500789628,0.10103077314699493,0.10897117354841125,0.13866044806306943,0.09609683903573246,0.11944109247318914,0.0995789328060841
106,0.09342867923490121,0.14858406263667037,0.09420345012169935,0.10105451548512502,0.10896997209734437,0.13860911023897263,0.09611763323412695,0.1194478156777162,0.0995847612734439
107,0.09344890578410688,0.14852855628303654,0.09422379997164287,0.10107331536086396,0.10897003946006008,0.13855707377526325,0.09613642345807608,0.11945860504086687,0.0996032808660835
108,0.09341307520675045,0.1486354431386419,0.09417245968282219,0.10103123945746774,0.10897098290960007,0.13866008680456712,0.09609680144057463,0.11944121790807649,0.09957869345149943
109,0.09342472771780945,0.14859815025581097,0.09419288468004575,0.10104592635142381,0.10897129612710806,0.13862567748262372,0.09611171913777206,0.11944533221789681,0.09958428602950933
110,0.09341276582623187,0.14863634982125967,0.09417192629648963,0.10103045992359144,0.10897128021081698,0.13866082411536454,0.09609689029149417,0.11944084551990536,0.09957865799484647
111,0.09341265128992278,0.14863667397816568,0.09417179584500032,0.10103037349532028,0.10897124680413259,0.1386612220408077,0.09609670684441017,0.11944079782054284,0.09957853188169763
112,0.09341265132966879,0.14863667350890405,0.0941717961606712,0.1010303733643126,0.10897124664385653,0.13866122296821956,0.09609670675603442,0.11944079752772424,0.09957853174060871
113,0.09341299253841463,0.1486358347534912,0.09417197675492274,0.101030602426507,0.10897127655502271,0.13866027822184,0.09609703342578889,0.11944101733765398,0.09957898798635893
114,0.0934126683150531,0.14863663259051502,0.09417180163508697,0.10103038041184174,0.10897124626614428,0.13866120937320559,0.09609670990552555,0.11944080465397414,0.09957854684865376
115,0.09341634530182633,0.14862610988044042,0.0941764098189995,0.1010347011917623,0.10897098346932056,0.13865091721175676,0.09610020927724804,0.11944292653190898,0.09958139731673724
116,0.09341265071312715,0.14863667541090686,0.09417179526497899,0.10103037299987686,0.1089712463908045,0.138661224741115,0.09609670573395762,0.11944079743918716,0.09957853130604584
117,0.09341340118073076,0.14863509731453733,0.09417179252934403,0.10103088742429918,0.10897115170865188,0.1386595999909835,0.0960969394563268,0.11944147520869075,0.09957965518643572
118,0.09341381002126044,0.14863399947603348,0.09417221587467922,0.1010314064803724,0.10897104726558207,0.1386587609182106,0.09609708756184002,0.11944176518438739,0.09957990721763439
119,0.09341297096791958,0.14863559220855851,0.09417257735742776,0.10103124007634275,0.10897098737250524,0.1386602533051358,0.09609680509053808,0.11944110760237389,0.0995784660191984
120,0.09341322075395764,0.14863541942175673,0.09417192302736958,0.1010309323778592,0.10897107751675716,0.13866009636021787,0.09609675097617386,0.11944134617295342,0.09957923339295477
121,0.09341265088541022,0.14863667480184042,0.09417179564003372,0.1010303731729491,0.10897124646084035,0.1386612240757575,0.09609670612083042,0.11944079744118023,0.09957853140115791
122,0.09341265295734613,0.1486366695941828,0.09417179753556207,0.10103037687840424,0.10897124510215855,0.13866121939288198,0.09609670581520716,0.11944079982356239,0.09957853290069486
123,0.09342713054223435,0.14859468874839002,0.09419086660774417,0.10104782015917377,0.10896968628284202,0.1386228608736021,0.09610964123456057,0.11944883256856616,0.0995884729828869
124,0.09341265072172254,0.14863667534988875,0.09417179530490742,0.10103037291997637,0.1089712464735535,0.13866122459771887,0.09609670590801626,0.11944079737539831,0.099578531348818
125,0.09343723638711035,0.14856409271153725,0.09420650589490794,0.10106115456745524,0.10896890296506508,0.13859160823047775,0.09612110263902385,0.1194542861481068,0.09959511045631572
126,0.09341265446066317,0.1486366649232642,0.09417179897693093,0.1010303747295981,0.10897124793529739,0.13866121251230873,0.09609671212461098,0.11944079849720979,0.09957853584011672
127,0.09342190418647255,0.14861044229976209,0.09418274329788531,0.10104035122327198,0.1089707639639887,0.13863675994465666,0.09610531417717748,0.11944580698609322,0.09958591392069197
128,0.09341278372343172,0.148636352155947,0.09417186037280545,0.10103047091311482,0.10897124343483668,0.1386609133807347,0.0960967952314499,0.11944088709118811,0.09957869369649162
129,0.09341265067728909,0.14863667553141485,0.0941717951785508,0.10103037290797585,0.10897124641642031,0.13866122485907464,0.09609670571474216,0.11944079740585174,0.09957853130868054
130,0.09341265067341045,0.14863667554547494,0.09417179516977216,0.10103037290508508,0.10897124641418697,0.1386612248739501,0.09609670570488851,0.11944079740661882,0.09957853130661308
131,0.09341334753114651,0.14863484758718978,0.09417230445063311,0.10103079494047752,0.10897134290467023,0.13865953826486466,0.09609740548717113,0.11944111370058398,0.09957930513326316
132,0.09341265900781133,0.1486366607647239,0.09417179072633712,0.10103037717430097,0.10897124482630789,0.1386612102168983,0.09609670521443785,0.11944080620396925,0.09957854586521334
133,0.09341595615565411,0.14862841461723092,0.0941742185939256,0.10103430445054869,0.10897037405627504,0.13865304252844282,0.0960981398057572,0.11944364947694085,0.09958190031522493
134,0.09341265160508834,0.1486366731898876,0.09417179569917644,0.10103037343180299,0.10897124649190895,0.13866122297121106,0.09609670641781252,0.11944079785863729,0.09957853233447472
135,0.09341756671132712,0.1486226845611635,0.09417727572335315,0.1010341623731955,0.10897201586549753,0.138647619228355,0.09610286361056093,0.11944266651483092,0.09958314541171638
136,0.09341423929120767,0.1486332125682106,0.09417192398840393,0.1010312588804351,0.10897123342659959,0.13865755497804055,0.09609759737301019,0.11944204321145589,0.0995809362826364
137,0.09341265067420423,0.14863667554316404,0.09417179517037322,0.1010303729055689,0.10897124641447593,0.13866122487257335,0.09609670570559203,0.11944079740674333,0.09957853130730482
138,0.0934126506759085,0.14863667553740298,0.09417179517489563,0.1010303729103896,0.10897124641291879,0.1386612248666514,0.09609670570636301,0.1194407974085619,0.09957853130690811
139,0.09341265086608679,0.1486366750506742,0.09417179533842022,0.10103037316594017,0.1089712463476555,0.13866122440401446,0.09609670577187773,0.11944079757825284,0.09957853147707812
140,0.09341280063927662,0.1486361765478697,0.0941721560306137,0.10103078577541401,0.10897111570833264,0.13866076535077762,0.09609674156789784,0.11944095356828471,0.09957850481153324
141,0.0934165877989964,0.14862276391985985,0.09418072949587271,0.10103513741423074,0.10897248091939575,0.13864466094820072,0.09610554862131088,0.11944135454145448,0.09958073634067849
142,0.09341314910857645,0.14863530484504708,0.09417230225581254,0.10103081686133118,0.10897129672992777,0.13865968219546887,0.09609731244297962,0.11944106635695041,0.09957906920390602
143,0.09341265821878461,0.1486366447665741,0.09417181843569122,0.10103038171292725,0.10897125123916822,0.1386611857373242,0.09609673044924495,0.11944079545308196,0.09957853398720339
144,0.0934126522288911,0.14863667276987697,0.09417179437399652,0.10103037366835593,0.10897124617571984,0.1386612219820116,0.09609670573811557,0.1194407990223255,0.09957853404070695
145,0.0934127671294461,0.14863644080795993,0.0941717851426611,0.1010304694789732,0.10897121437974944,0.13866099650110258,0.09609670726330108,0.11944091806672023,0.09957870123008639
146,0.0934131148871488,0.1486352087752444,0.09417252969841776,0.1010307347991515,0.1089713815785685,0.1386598442362207,0.0960974729305703,0.11944086241047522,0.09957885068420283
147,0.09341280884375368,0.14863620405759584,0.09417205989051325,0.10103069124355088,0.10897115722512904,0.13866078501039994,0.09609676467724794,0.11944094269483038,0.09957858635697893
148,0.09341460411676346,0.14863152438936136,0.09417356608843931,0.1010324944335664,0.1089710030832228,0.13865597469378754,0.09609817750444564,0.11944218493687171,0.09958047075354172
149,0.09341265905613765,0.14863664526045536,0.09417181796279797,0.10103039233875423,0.10897124300824829,0.13866119263881063,0.09609671615289692,0.11944080271274754,0.09957853086915133
150,0.09341319992228478,0.14863544300331855,0.09417188139938584,0.10103063477418693,0.10897129827483226,0.13865982671486668,0.09609714639545659,0.11944118460648476,0.09957938490918371
151,0.09341265067988895,0.14863667552884874,0.09417179517369159,0.10103037290930827,0.10897124641456833,0.13866122486105606,0.09609670570940985,0.11944079740983478,0.09957853131339331
152,0.09341265578343207,0.14863665796573788,0.0941718085659518,0.10103038772125805,0.10897124172542236,0.13866120884963393,0.09609670705762229,0.11944080267220976,0.09957852965873193
153,0.09341266373633474,0.14863664304567537,0.09417180275111293,0.10103038165967489,0.10897124783554106,0.1386611868275304,0.0960967195194895,0.11944080563097363,0.0995785489936674
154,0.09341282867077186,0.1486361417552009,0.09417206511849747,0.10103061352977051,0.10897122400740272,0.1386606975973114,0.09609688724377076,0.11944089897564711,0.0995786431016271
155,0.0934127497315145,0.14863650060522296,0.09417174123193822,0.10103042444330827,0.10897122622250076,0.13866105316790914,0.09609669720520682,0.11944090291879388,0.09957870447360546
156,0.09341277714594401,0.1486364520442609,0.09417172603482168,0.10103043710546408,0.10897122182095237,0.13866100463721054,0.09609669677997368,0.11944093123197466,0.099578753199398
157,0.09341288898089603,0.1486361274944261,0.09417186255714968,0.10103052716153357,0.10897124579617003,0.13866064124018973,0.09609686551317746,0.1194409741966016,0.09957886705985576
158,0.09341265362409688,0.14863666887465937,0.09417179566984547,0.10103037432500545,0.1089712465564223,0.13866121851947735,0.09609670755837285,0.11944079937777193,0.09957853549434834
159,0.09341282698680585,0.14863604102915842,0.09417219082693903,0.10103050045909265,0.1089713667219281,0.13866040350858508,0.09609722128827657,0.119440773850012,0.09957867532920228
160,0.09341318724293406,0.14863532128890075,0.09417220373052311,0.10103099497516634,0.10897112785674269,0.13865981911819528,0.09609700093460473,0.11944124675889554,0.09957909809403746
161,0.09341266777729017,0.14863660172286272,0.09417185095559366,0.10103038204693428,0.10897126731461267,0.1386611215146335,0.0960967815639539,0.11944078499571333,0.09957854210840572
162,0.09341552569723198,0.1486286689317147,0.09417538917372523,0.1010347264813602,0.10897030763017408,0.13865319662910847,0.09609842090934403,0.11944315532915567,0.09958060921818565
163,0.09341265069945497,0.1486366754943989,0.09417179516271627,0.10103037291787442,0.10897124641130418,0.13866122482767948,0.09609670570876362,0.11944079742988087,0.09957853134792724
164,0.09341265305355442,0.14863666799343725,0.09417179906946782,0.10103037485034448,0.10897124734132341,0.13866121549509203,0.09609671068555971,0.1194407979164382,0.09957853359478276
165,0.09341265312068438,0.1486366680187457,0.0941717991391807,0.10103037632318919,0.10897124598329015,0.13866121859278138,0.09609670782929028,0.11944079864496285,0.09957853234787525
166,0.09341265067340654,0.14863667554548488,0.09417179516976901,0.10103037290508075,0.1089712464141874,0.13866122487396154,0.09609670570488542,0.11944079740661566,0.09957853130660856
167,0.09341267697638449,0.1486365922621063,0.09417184933326984,0.1010304357526067,0.10897122657040877,0.1386611548049561,0.09609671072902884,0.11944082257110404,0.0995785310001349
168,0.09341268264180237,0.14863659448023092,0.0941718210842133,0.10103041330559921,0.10897123706110315,0.13866114378453695,0.0960967196949848,0.11944082542472,0.09957856252280943
169,0.09341352704311365,0.14863414764596422,0.09417295491876922,0.1010314794150395,0.10897114202198573,0.13865865796141355,0.09609755117450107,0.11944133787340092,0.09957920194581232
170,0.09341266693474186,0.14863664200304713,0.09417179531655524,0.1010303878775177,0.10897124127581587,0.13866119260901286,0.09609670561515339,0.11944081444856276,0.09957855391959322
171,0.09341265069071934,0.14863667550659326,0.0941717951741355,0.10103037291943189,0.10897124641134479,0.1386612248355228,0.09609670571112962,0.1194407974216017,0.09957853132952112
172,0.09341344590072294,0.14863516475604097,0.09417154526127416,0.10103087547318565,0.10897108135203766,0.13865973142744428,0.09609672311330461,0.11944161134906285,0.0995798213669268
173,0.09341560589059303,0.14862836938550125,0.09417559449522614,0.10103484158362683,0.10897032363841182,0.1386528988617204,0.09609858230476108,0.11944316041255389,0.0995806234276055
174,0.09341356572741884,0.14863475037863902,0.09417185103183467,0.1010311865116301,0.10897098886956605,0.13865940474178134,0.09609676369429666,0.11944171067516292,0.09957977836967037
175,0.09341626496278248,0.14862749003431322,0.09417428639445646,0.10103334097867384,0.10897120268089071,0.1386520841267704,0.09609961018274066,0.11944310667309772,0.09958261396627444
176,0.09341604411917112,0.14862589838906926,0.09417781991947533,0.1010348543907378,0.10897129227184568,0.13864952112785386,0.09610162033872416,0.11944230088214763,0.09958064856097519
177,0.09341265067340632,0.14863667554548549,0.09417179516976892,0.10103037290508067,0.1089712464141875,0.13866122487396157,0.09609670570488546,0.1194407974066156,0.09957853130660842
178,0.0934126515721392,0.14863667184076848,0.09417179774865056,0.10103037305414399,0.10897124764032788,0.13866121958793792,0.09609670972430555,0.11944079671384535,0.09957853211788092
179,0.09341265067340632,0.14863667554548549,0.09417179516976892,0.10103037290508067,0.1089712464141875,0.13866122487396157,0.09609670570488546,0.1194407974066156,0.09957853130660842
180,0.09341382299280633,0.14863456257829416,0.09417122106385076,0.10103098491551982,0.10897102797464833,0.1386591448394222,0.09609666811969528,0.11944201523054342,0.09958055228521981
181,0.09341265263402863,0.148636668228716,0.09417180016500362,0.10103037509376799,0.10897124731068257,0.1386612161823527,0.09609671085292774,0.11944079730346928,0.09957853222905157
182,0.0934126615223999,0.14863664518271036,0.09417180688021594,0.10103038287008781,0.10897124632116918,0.13866119955066877,0.09609671525843715,0.1194408024799928,0.09957853993431812
183,0.09341265088031438,0.1486366750482613,0.09417179525252499,0.10103037302816786,0.10897124641210537,0.13866122449354437,0.09609670581347003,0.11944079752859534,0.09957853154301623
184,0.0934126514373431,0.14863667370811978,0.0941717954683097,0.10103037330919645,0.1089712464660003,0.13866122324513963,0.09609670625479937,0.11944079784447688,0.09957853226661481
185,0.09341265146867986,0.14863667280412982,0.09417179719351113,0.10103037496304805,0.10897124586690622,0.1386612221669631,0.09609670622453367,0.11944079810667318,0.09957853120555483
186,0.09341625436772416,0.14862626778198443,0.09417672054476062,0.10103532083000791,0.10897064720491485,0.13865003857109898,0.09610016782650965,0.11944326051653775,0.09958132235646161
187,0.09341271721223514,0.14863648761046347,0.0941718783754375,0.10103046056332676,0.10897123491844417,0.1386610295804615,0.09609676316298488,0.11944084364096776,0.09957858493567891
188,0.09341265067340632,0.14863667554548549,0.09417179516976892,0.10103037290508067,0.1089712464141875,0.13866122487396157,0.09609670570488546,0.1194407974066156,0.09957853130660842
189,0.09341275753687116,0.14863630422547167,0.09417202765703038,0.10103049427965444,0.10897128105089435,0.13866077483296935,0.09609694647020676,0.11944081385906154,0.09957860008784038
190,0.09341334150891552,0.1486347809591403,0.09417266423156823,0.1010315850352757,0.1089708885829199,0.13865942528528807,0.09609689199486442,0.11944146645497501,0.09957895594705288
191,0.09341268759460752,0.14863658659363224,0.09417181951764933,0.10103042460908929,0.10897122963894663,0.13866114057338708,0.09609670870897123,0.1194408356127994,0.09957856715091727
192,0.09341265067629805,0.1486366755371644,0.09417179517317245,0.10103037290724329,0.10897124641494768,0.1386612248639074,0.09609670570962636,0.11944079740774671,0.09957853130989357
193,0.09341265454637203,0.14863666220725374,0.09417180247989863,0.10103037400271417,0.10897124992400134,0.13866120663488565,0.09609671793022503,0.1194407965068371,0.09957853576781217
194,0.09341271459326199,0.14863642359111356,0.09417198991808134,0.10103048486687313,0.10897125711881378,0.13866092395358007,0.09609686164618658,0.11944080549289855,0.09957853881919101
195,0.09341267516049456,0.14863661525484964,0.09417181374336846,0.10103040886034204,0.10897123493728847,0.13866116706423717,0.09609670849963349,0.11944082268316521,0.09957855379662103
196,0.09341265070045773,0.1486366754907264,0.09417179516628356,0.1010303729212547,0.10897124641155329,0.1386612248150367,0.09609670571347026,0.1194407974315237,0.09957853134969374
197,0.09341277568947029,0.1486362591783475,0.09417202498778644,0.10103045948694517,0.10897131646585448,0.13866068768000944,0.09609702028785297,0.11944080315870045,0.09957865306503323
198,0.09341266864607863,0.14863662619751603,0.09417181355783137,0.10103038892349679,0.10897124800580343,0.13866116870367654,0.09609672778520262,0.1194408072641276,0.09957855091626706
199,0.09341308485308644,0.14863560898488576,0.09417206266587748,0.10103080617637275,0.10897117692698298,0.13866013745530797,0.09609695003404634,0.11944114504646014,0.09957902785698004
200,0.09341374590425562,0.14863291212246085,0.09417438678867004,0.10103258201053415,0.10897091051736461,0.13865722976136557,0.09609804862120912,0.1194414628266597,0.09957872144748028
201,0.09341265911269082,0.148636655604643,0.09417179751917223,0.10103037678078301,0.10897124578519232,0.13866121906402196,0.09609670617144016,0.11944080138573254,0.09957853857632382
202,0.09341265076628277,0.14863667521858778,0.09417179542836207,0.10103037318794968,0.10897124632463082,0.13866122457011854,0.09609670573153234,0.11944079750421809,0.09957853126831794
203,0.09341270916866964,0.1486364982524256,0.09417189327811117,0.101030473578664,0.10897122658553461,0.13866104569175738,0.09609675226031021,0.11944084103020669,0.09957856015432057
204,0.09341265125299093,0.14863667355951424,0.09417179657817817,0.10103037430154975,0.10897124605876365,0.13866122310443785,0.0960967060579447,0.1194407978580809,0.09957853122853974
205,0.0934127126289236,0.14863646722318122,0.09417192555062258,0.10103046524930075,0.10897124765586862,0.13866098731203555,0.09609680937926576,0.11944082252115984,0.09957856247964207
206,0.09341265726306676,0.148636658455504,0.0941718019772761,0.101030384450272,0.10897124250056223,0.13866120909119925,0.0960967058768643,0.11944080449071659,0.09957853589453876
207,0.09341265196205113,0.14863667175090292,0.09417179717814353,0.10103037517763953,0.10897124588686308,0.13866122110900955,0.09609670649056426,0.11944079847379574,0.09957853197103032
208,0.09341265161178582,0.14863667353575796,0.09417179532638618,0.10103037389695226,0.10897124607201547,0.13866122294088692,0.0960967057011747,0.11944079840109277,0.09957853251394777
209,0.09341267432373739,0.14863660197060274,0.09417184103704529,0.101030425430596,0.10897123154318657,0.1386611538945709,0.09609671599382628,0.11944081956469986,0.09957853624173509
210,0.0934126508715925,0.14863667471634867,0.09417179579646466,0.10103037308081818,0.10897124659147533,0.138661223774409,0.09609670645458433,0.11944079731416053,0.09957853140014675
211,0.0934126937141087,0.1486365043928453,0.09417191517226589,0.10103040112228673,0.10897128624287403,0.13866100138547016,0.09609686079171059,0.11944077833276748,0.09957855884567109
212,0.09341286039617483,0.14863626698405044,0.09417174863843508,0.10103052023465658,0.10897119872145021,0.13866081807702502,0.09609671417146946,0.11944101240312384,0.09957886037361462
213,0.09341267449917816,0.14863661258694852,0.09417181836751723,0.10103040391733806,0.10897123942454232,0.13866116715130844,0.09609671658974984,0.11944081650286693,0.09957855096055053
214,0.09341265067340647,0.14863667554548493,0.09417179516976926,0.10103037290508077,0.10897124641418761,0.13866122487396096,0.09609670570488583,0.11944079740661553,0.09957853130660854
215,0.09341265067720927,0.14863667553264817,0.0941717951766137,0.1010303729063008,0.10897124641739286,0.13866122485648763,0.09609670571631539,0.11944079740599037,0.09957853131104184
216,0.09341265097550695,0.1486366748344888,0.09417179524399337,0.10103037303794327,0.10897124638286453,0.13866122474328751,0.09609670568607506,0.11944079754392031,0.09957853155192022
217,0.09341265067340633,0.14863667554548549,0.09417179516976894,0.10103037290508068,0.10897124641418751,0.13866122487396154,0.09609670570488547,0.11944079740661563,0.09957853130660844
218,0.09341290831229512,0.14863588952345735,0.09417224035852062,0.10103083515217447,0.10897115136972667,0.13866041971820822,0.09609690783256539,0.11944099621732364,0.09957865151572842
