id,Class_1,Class_2,Class_3,Class_4,Class_5,Class_6,Class_7,Class_8,Class_9
1,0.00014229394225662823,0.26950659943244903,0.3722159402393431,0.2981346566920253,4.778690891687642e-06,7.832369806562553e-05,0.05990034528202235,1.3141705717456244e-05,3.920317228702603e-06
2,4.16095015216578e-05,2.6723709246870935e-05,2.4057671538078333e-05,2.479058758308896e-05,6.401653381977076e-07,0.000630560180280177,6.458439099249262e-05,0.9991575920464186,2.944174708083504e-05
3,0.0011771595785880005,0.0001741042230630995,2.8113564674661742e-05,0.0012841725349560826,8.758925443400316e-06,0.9867355553209123,0.0058417944145346895,0.0037918644988000744,0.0009584769390277532
4,0.04501468384372563,0.4261497313252099,0.17599963753339004,0.06758901288789929,0.03613472447623456,0.0739439817861914,0.07446154146932513,0.04639110838849747,0.05431557828952652
5,3.318737105834812e-05,0.4319651175216131,0.4722339137616944,0.08117603224933667,1.020078022390279e-05,5.1677709537096205e-05,0.014509196672701334,1.3292844095688007e-05,7.3810897396623625e-06
6,1.4190299648039805e-06,0.9518559623135004,0.03844740618391268,0.003396456588495987,0.004612099070646973,9.430567069647933e-06,0.0015167106829259767,0.0001541773672923464,6.338196191184288e-06
7,1.2201718911817435e-05,0.6143379782479884,0.36264787016108607,0.02289513658681494,3.172429924986958e-06,3.2424515473258184e-06,8.795174400330737e-05,4.842225479148423e-06,7.604434244105905e-06
8,3.86366377826623e-07,0.8616405539888122,0.10275616035524866,0.03542006059939469,6.097677018503316e-06,7.056574649458426e-06,0.00015994194474685438,7.096335078389793e-06,2.646158673394228e-06
9,7.454971654209231e-06,0.49358540532474937,0.3962453544610385,0.10067346476812591,7.4327533997797475e-06,9.933916879185195e-06,0.009464124261164676,5.370634925299727e-06,1.458908062849323e-06
10,1.8254633456685816e-05,0.3825011852821193,0.5508491627229211,0.06610131956137898,0.00012852630010716826,9.085449721239889e-05,0.0002635045398868068,9.7198720009258e-06,3.747259091670302e-05
11,0.07518589415701267,0.33617460102337,0.014353835843822946,0.07954151873979201,0.07439296568868169,0.18319212018025946,0.022112752054635428,0.04885047718999147,0.16619583512243438
12,0.006050528018508329,1.9716118179307544e-07,8.577643420426887e-07,1.700796394346266e-05,1.616234668066177e-05,0.007978409301368679,2.8949885276880387e-05,0.9839982631281464,0.001909624430551705
13,8.512358511792612e-05,0.6558398705754328,0.31762321676150246,0.0009747188453300217,0.0019947777607497922,0.008466786175230025,0.008898035919019038,0.006074067776606104,4.340260101171503e-05
14,0.012215035701162617,0.0011153882127872558,0.0010983154714393777,4.2321988682396135e-05,1.8388965412895935e-05,0.001991929545948916,0.010294014788729345,0.972842186022164,0.0003824193036732801
15,4.880901237818735e-07,0.012027834872424271,0.0002047993938735091,0.0009897483704097557,0.9867639381198119,4.4806093278741416e-07,1.1834022239224797e-05,1.0235919656089157e-07,8.067109881789603e-07
16,0.0011665250403141705,0.020866871502214262,0.006099459212934018,0.0032958196110112184,0.0004912083436130134,0.007999420582012933,0.9553065100906599,0.0009697250196224796,0.0038044605976179434
17,6.283265422367994e-06,1.0111205930956226e-05,8.690648225093048e-07,4.922146764037974e-06,2.5959686639876854e-07,0.9995170188460963,0.00012017900717110113,0.00018726502755486813,0.00015309183937129605
18,0.009239069498092955,0.34370554250585167,0.5290500036839013,0.0958243902515225,0.013523453437841075,0.0018884216952468832,0.0049234790645507455,0.0013707568030709915,0.0004748830599218175
19,0.00048155840146743936,0.6841575863090988,0.2536072992319384,0.05052810376188826,0.009143992568694683,0.00011494966994980593,0.0016740610926568524,0.00014959075026548373,0.00014285821404029332
20,2.6112673126971224e-06,0.8750564404780201,0.11173823779519416,0.01220670054440652,1.7174727315766356e-06,5.251189118738185e-06,0.0009844380116022097,2.5313183131758627e-06,2.0719233009434954e-06
21,0.009386968262108468,5.408685282887432e-05,1.5813601647561462e-06,2.746807363974604e-05,6.947620956775157e-06,0.9805801019795903,0.006020400221652593,0.0008245030994066691,0.0030979425296518027
22,0.0034383084536970094,5.6233700656625026e-05,2.635835650891264e-05,6.471799019850018e-05,2.777865521555945e-05,0.977942838547153,0.010234432567318335,0.008110438033685278,9.88936955667395e-05
23,2.127521195197836e-05,0.37433661990389805,0.607585982564396,0.0002736948561479876,0.00019334788085715552,0.0025007762965540956,0.0018381174128227517,0.013242530654805662,7.655218566345356e-06
24,0.007696692735798988,0.0004032872898870019,0.00020739455484904116,0.00028988127664386073,2.0260013379842155e-05,0.023096748077079194,0.007129733981996644,0.9596066114217107,0.0015493906486546958
25,0.01329858682471135,0.0007872577190600178,9.626305031071674e-05,0.003954245613937266,0.00010764764379338202,0.9505667020207517,0.015129232736212769,0.01563336883999932,0.00042669555122358836
26,4.441001352764226e-05,0.8095688860783508,0.14659864263316455,0.04367195870670438,5.942168103359839e-06,3.928701336135614e-06,2.5255048792888876e-05,5.038092212392237e-06,7.593855780782874e-05
27,0.30971816805204666,0.1042582280063873,0.05023920993197302,0.0418541704629343,0.0016250601660421503,0.10377214037374027,0.05922286285788479,0.1444416744649462,0.18486848568404537
28,0.04501468384372563,0.4261497313252099,0.17599963753339004,0.06758901288789929,0.03613472447623456,0.0739439817861914,0.07446154146932513,0.04639110838849747,0.05431557828952652
29,0.012205340209698988,0.00016636889642270954,0.00016125421369118223,0.0006151571080737167,1.7360171077373652e-05,0.247399033024201,0.7304809509921566,0.002501514531879893,0.00645302085279845
30,0.005112572535483542,0.6885930755318136,0.16614140597510801,0.1104936517575751,0.0017821769568866636,0.008115094169147906,0.007671090538436731,0.001967754087436273,0.010123178448112198
31,0.0001618660810752217,0.00011628432805748512,1.7128276818652198e-05,0.00017966814283015793,3.380301987320033e-05,0.9977840079235554,0.0009515269564377482,0.00020506761068159358,0.0005506476606706574
32,0.007253624446768151,0.000318753028985245,0.00012349386725428587,0.0002403536048873757,1.2612599251331563e-05,0.04371038026910688,0.005948043410075597,0.9409711270520101,0.0014216117216609757
33,2.5030329428329378e-06,0.012509602065919844,0.0009714556014770401,0.001709873541421689,0.9847667510094525,2.4388263842663485e-06,3.3083615301504986e-05,1.638771469397568e-06,2.653535630899663e-06
34,0.0014359002710495458,0.7780673598871144,0.13183298860225606,0.02200811627414164,0.04339930491718017,0.0008752504843033801,0.009972841385771125,0.0049908263102036304,0.0074174118679800225
35,0.001765238847241334,0.6188716339661743,0.26630156599960175,0.07357720820955528,0.010534873936141283,0.0018312213805768331,0.020638501514430377,0.0036360021382846473,0.002843754007994479
36,0.01837863628577312,0.00010653374619754359,5.506815964066773e-05,0.0010658003917543262,0.00011080383200014101,0.8738371915773594,0.08106417657163134,0.0188160787906992,0.006565710644944345
37,0.0072490239531750895,0.00021015797688233917,3.396567267947074e-05,0.0006205650666053795,7.849539520400183e-05,0.9712442652116436,0.010078420751393306,0.01007578253243547,0.00040932343998131924
38,0.06040502233957772,7.850806181299385e-07,4.25097107176644e-06,5.1648245422276805e-05,3.696102379567512e-05,0.10348799169961252,0.0003347871626181613,0.7323675767429269,0.10331097673435696
39,4.620903050868986e-06,0.753304989773174,0.1915157320523278,0.05352680063675318,3.59046900054061e-05,3.757642574187792e-05,0.0015617840602504644,9.442884879187014e-06,3.1485738169580045e-06
40,0.0015138068003814932,0.00012792349761868172,0.00020269481835962928,1.3255238581163542e-05,2.2501711279456913e-05,0.0014626411854854493,1.0653603622847708e-05,0.9326279836162872,0.0640185395283841
41,7.970910897546199e-05,0.3985215309789035,0.44590385450154074,0.15263318888666288,0.0004201112583846863,0.0003471821093570485,0.0020023846926570236,3.979759335790085e-05,5.224087016089646e-05
42,0.04501468384372563,0.4261497313252099,0.17599963753339004,0.06758901288789929,0.03613472447623456,0.0739439817861914,0.07446154146932513,0.04639110838849747,0.05431557828952652
43,0.003705704535193462,0.2078856726064608,0.138998803666557,0.0055846967992930156,0.0011199156854416685,0.011999161073741105,0.09028558204764699,0.5332981973331569,0.007122266252509279
44,4.684357849804478e-05,0.23404209093316417,0.7562045793205777,0.00019740074855732856,0.000610308035081319,0.0008625912250049589,0.002762616642150272,0.005237883340214615,3.5686176751614826e-05
45,0.005057399336670487,0.0002911199391256306,2.9497169875908752e-05,0.0018444716848462466,9.529467925559476e-05,0.9711782364707907,0.009289327781045688,0.011304625190966916,0.0009100277474227835
46,0.002978522260208452,0.5372022804679388,0.2599768401141704,0.1889249638010665,0.0003303509029937931,0.0017167635775378128,0.007083117703571616,0.00035351158214692196,0.0014336495903653347
47,0.04501468384372563,0.4261497313252099,0.17599963753339004,0.06758901288789929,0.03613472447623456,0.0739439817861914,0.07446154146932513,0.04639110838849747,0.05431557828952652
48,0.0002339813199276875,0.7515913106711324,0.14797493653424307,0.09086602972923394,0.000164528059286163,0.0006926046898323249,0.008292479864879566,6.65779449702494e-05,0.00011755118649475464
49,0.0004607687824679227,0.5772830016929533,0.30988953976690153,0.09876098879898587,3.778768840530142e-05,3.773704550921567e-05,0.013490097986025788,2.0819735331734944e-05,1.925850341923191e-05
50,2.8610305845577958e-05,4.1468285207740974e-06,2.02668201039566e-07,1.9528285882443895e-05,3.7585686121784986e-07,0.9993961759743516,0.00027514117430982174,0.00017215375332901202,0.00010366515269839183
51,0.0006532271336625413,0.9097103408667968,0.006935139880590115,0.07679710013784209,0.003964078097748397,0.000959030837143386,0.00010728428409528693,8.57321959459169e-05,0.0007880665661753349
52,0.001097705070000295,0.00019084539928197433,0.0008972295161588099,2.1480222735912543e-05,9.088982232562436e-06,0.00044880001415162547,0.002363079538673234,0.9949358689697706,3.590228699509642e-05
53,8.169687662867462e-05,0.7437257886526517,0.20161187400452196,0.05277072236888073,9.103937728163736e-06,1.4646030831485326e-05,5.352312485457878e-05,1.6556409141769098e-05,0.0017160885947609889
54,0.04501468384372563,0.4261497313252099,0.17599963753339004,0.06758901288789929,0.03613472447623456,0.0739439817861914,0.07446154146932513,0.04639110838849747,0.05431557828952652
55,2.6031792141418464e-05,0.7459253619628645,0.24054423846585624,0.010083013797757895,6.916498523850016e-06,2.2742164019547198e-05,0.003383607775635095,5.783681978700785e-06,2.3038612227556574e-06
56,4.175643566282067e-05,0.5835222845104404,0.3633822996603734,0.0027978507625853956,0.018206458825543496,0.006160016981528116,0.0016551655472970609,0.02273750222593241,0.001496665050637216
57,1.8819239842538968e-05,4.158110370679322e-05,2.2702826642079173e-06,2.4162960854357288e-05,4.701204292445978e-07,0.9970107856353969,0.00039931568592679824,0.001876350615895826,0.00062624435528331
58,0.11409316053539037,2.087276554210735e-05,6.803924887295704e-05,0.00018953922676710774,5.451569626226805e-06,0.008164765837985548,0.00011038356259544974,0.0008121587180514037,0.8765356285351689
59,0.04204342010643102,0.005547780544138943,0.005377025009294347,0.012112766875416701,0.0007961276907311104,0.12016335070020495,0.011815769543526458,0.023747135770804565,0.7783966237594518
60,0.12971834128345103,0.00013271243146565024,6.732794544150773e-05,0.0003012751400315183,0.00011770749737989083,0.3910374280260025,0.02196173244577333,0.4386725912244615,0.017990884005993107
61,6.265632966136555e-06,0.7401663598677862,0.24441112376915608,0.01540966530522199,1.582350283973191e-06,3.7870363807298077e-07,2.391095108609183e-06,2.528240918531801e-07,1.9804517469852416e-06
62,0.1936112100038525,0.002475485971232774,0.0006272745105471888,0.0003519084819244607,0.000499877983282306,0.01647796653906464,0.0005852122959118848,0.0028999592901686553,0.7824711049240155
63,9.644330735983303e-05,0.6136471794855726,0.28424130914986684,0.10128422840284024,0.0006498515861544079,1.7364524333363425e-05,5.150386598968878e-05,1.9268714195709323e-06,1.0192806463613688e-05
64,0.008696772678861792,1.1548719908334238e-05,3.7581384812117157e-06,4.727468270737128e-06,2.9364976599000753e-05,0.014844000562917745,1.3293687953121348e-05,1.672566631702029e-05,0.976379808100691
65,0.0004860829040925642,0.4808250506339287,0.3472461415362816,0.008084322573830566,0.016543682108949503,0.002809172973763387,0.005009530093045804,0.13787747648404786,0.0011185406920602766
66,0.0145388552774407,0.2557129327489594,0.019766446250508156,0.01114111052416602,0.01642276601333316,0.0037418690068116013,0.6583448449755179,0.002568681694166295,0.01776249350909676
67,0.0007819001578650009,0.41888459364300523,0.3748925269366625,0.15952425773423723,1.5970786379889464e-05,0.0001502227782047784,0.04569613692168274,3.616375261648497e-05,1.8227289346206083e-05
68,0.008531551612895403,0.0002776685392372383,0.0001391566957927793,0.00024669001326212196,1.6077606441513203e-05,0.026652946424570795,0.00657822071077772,0.9560413987550237,0.001516289641998697
69,0.0006932121551496703,7.116692898717148e-06,2.25323900324737e-06,0.002438228341001044,3.2204728495993995e-06,0.9952480916953302,0.0006322915409897647,0.0003111849576590181,0.0006644009051186751
70,0.017132676241285026,0.45654345809125935,0.2718571430058834,0.08929440003180403,0.02382580081132666,0.040587464020622584,0.029221683322093222,0.028975449024279617,0.04256192545144618
71,1.7226395741032803e-05,0.012815564924160004,0.0029640422274749677,0.003175425535791277,0.9808820461460156,7.805721711814916e-06,8.365662040731614e-05,6.925165336641914e-06,4.730726336132709e-05
72,0.003296824773775154,0.00014286166639605044,6.724627926203793e-05,0.00017884651687583608,6.69535051147858e-05,0.9667211555687444,0.01915705017191864,0.01010617368926952,0.0002628878286435432
73,0.01196450466616789,0.0007654554283698413,5.556155625536364e-05,0.0014447372383115098,5.9896199684531026e-05,0.9486707851871313,0.018443105034496546,0.018366510899167767,0.00022944379041529945
74,0.007621000742737233,0.00025299991356083506,0.00019828824388419636,0.0001696475562706016,3.687375640962996e-05,0.013797973625087369,0.008127762246503181,0.968952937966607,0.0008425159489401138
75,0.0008036120106381059,0.05421078480569835,0.037836553403084235,0.014581254295352083,0.8886033911478666,0.0003245146220675013,0.0016422200596626333,0.0004089984341584939,0.001588671221472027
76,1.1687304682563953e-05,0.662369612820053,0.20392097071487292,0.13351921690044063,1.0393676660358335e-05,1.1715108941482648e-05,0.00011712198802693836,1.254290804894265e-05,2.6738578273332028e-05
77,0.005838392688806732,0.00015850661956385152,1.4606046720088526e-05,0.01005007817965861,0.0005863003088758652,0.9679866138481554,0.0006759910969094179,0.004068696817953142,0.010620814393356711
78,1.1434246533517717e-05,0.031186373291590606,0.0017243810608000318,0.0018798651274832606,0.9651457566210796,2.3226543433680683e-06,2.12078968258904e-05,2.076054988808845e-06,2.6583046354950138e-05
79,0.022735915146634637,0.0015736105863366043,0.0013867692145498802,8.55317577756081e-05,0.00018343993420243994,0.0032378216316993427,0.022540703419496724,0.9449910292405409,0.003265179068763905
80,1.1985037932628399e-05,0.411948437536145,0.17006959723933268,0.4177745239889174,6.716976853808766e-06,1.7149049442283443e-05,0.00015471952772526065,9.087756659349966e-06,7.782886991615228e-06
81,0.029946575086265623,0.59028832823639,0.18909571234554173,0.05566121256857327,0.0015477793058555915,0.012640447278785178,0.07623537811793445,0.03257396449002688,0.012010602570627298
82,0.025755577326312014,5.943330212297936e-06,1.6389206543771583e-05,7.5279218478894216e-06,1.3477825044484863e-06,0.0018854407637196324,2.686946326337746e-05,0.0021800262722295686,0.970120877933367
83,0.04501468384372563,0.4261497313252099,0.17599963753339004,0.06758901288789929,0.03613472447623456,0.0739439817861914,0.07446154146932513,0.04639110838849747,0.05431557828952652
84,0.02130351539717215,5.588944574134586e-06,1.4361865580572087e-05,0.0001557899981194303,0.00018964113677246604,0.04241588141176768,0.00019301762081841837,0.9022364737238768,0.03348572990131828
85,0.04545948679484313,0.00016496822651983364,0.00033700787228182165,4.196723303195016e-05,1.3942250233898379e-05,0.0008573569132195239,0.009932814226199151,0.9426558575445183,0.0005365989391524341
86,0.01037052634560073,0.00039038417541039283,0.0003182663308859727,0.01970228918133782,0.0005730792196576868,0.9416751179528164,0.0012009152940453138,0.0001533030005824176,0.025616118499663228
87,3.294455452064148e-05,3.3008736233453876e-07,8.995350342222999e-07,4.448728454284726e-06,8.687163449458012e-07,0.00018465129741514186,1.6730668445525583e-05,0.9997265356712866,3.2590741136303104e-05
88,6.907151166401724e-05,0.5878964257776155,0.17368080317735174,0.23749390302091933,2.9593356675053295e-05,0.00019680556273258984,0.0003727007289249987,2.679409242913759e-05,0.00023390277168754644
89,0.005963937685705757,0.7487539248289926,0.11715016765279676,0.06707367459221458,0.0012146238190446602,0.022673751424844794,0.009445801089574525,0.0018101946703435632,0.025913924236482696
90,0.18913884257453228,0.000169555013463282,0.00016815676305729344,0.00013969735384029603,1.4956765670382821e-05,0.03981390834606045,0.0008990822100859121,0.0025171047275977915,0.7671386962456924
91,0.041420266868046396,5.589126700168234e-06,1.982943635986352e-05,0.00013780760475318125,0.00014683556925735607,0.05191112179660103,0.00021354597182278884,0.6487342678119313,0.2574107358145279
92,1.9162697121754177e-05,0.28413658496240857,0.70659880396068,0.00040039870213181037,0.00043701156459670766,0.001702914559544769,0.0025601038760015324,0.0041335904683306715,1.1429209184009895e-05
93,0.00020386304398445452,0.24748597465328195,0.4848920335723635,0.20565756891033604,3.835170963380977e-06,6.267389737934626e-05,0.06168193016262029,9.163941093879243e-06,2.956647977055023e-06
94,8.443099936881797e-05,0.14054085856808612,0.40512805691062975,0.14266583272765446,1.445903006858007e-05,0.0003672724493830201,0.31112706577510946,6.504671807766894e-05,6.9768216222564855e-06
95,0.0003390974533880279,0.00034907607638949215,4.4632304441809255e-05,0.0003173697975417969,5.170938979061148e-06,0.9821058983166303,0.005847171534239712,0.008376458981276574,0.0026151245971132303
96,0.00011732566198924258,0.7319513616342965,0.08926723732803589,0.16728336032436483,0.01134695496291054,5.28176364880593e-06,2.671955056523835e-05,5.965379302978408e-07,1.1622362584797399e-06
97,0.008178934033445329,0.5231708009580248,0.25056279776577634,0.0722518208796959,0.002847977062353939,0.012488016677162175,0.11959006667308557,0.007641947712092005,0.003267638238363878
98,8.108601446617677e-07,0.009426833420559744,0.00014363829123492387,0.0007824871104348031,0.9896334644978777,3.8014661255080596e-07,1.1785919197734512e-05,9.869184464658559e-08,5.010620934640048e-07
99,0.0011410757438996561,0.36926574740931073,0.44041606787384907,0.1419038082844418,0.00010213602391437283,0.0008775509537873203,0.045793502311399406,0.0003713338827104473,0.0001287775166872117
100,2.0814428455829247e-06,0.7376320652479028,0.24675333545472783,0.015355550163071925,0.00022849167117956694,8.833560179955422e-07,2.7126995221062375e-05,1.4734176154315927e-07,3.183272717020833e-07
101,4.873300681093185e-05,0.8790378272906982,0.11124516197617688,0.008096081293046306,9.548824290316943e-05,6.112431534581311e-06,0.001452162797115338,6.808457436885366e-06,1.1624504277710444e-05
102,0.057089469745178506,0.013839828237770151,0.005268476995596637,0.11016369276628735,0.008492045771986017,0.7332312008839084,0.02166263171936395,0.01290600925439703,0.03734664462551201
103,0.0003864992532566071,2.8749126368997232e-05,1.86169121708781e-05,0.00018085228692082874,9.71069687042248e-06,0.9948876682030753,0.0011371729361108183,0.00018774154910631885,0.0031629890361199358
104,0.0022944689419617343,1.4791754524461183e-05,3.852462886693878e-06,0.0003174330953915199,1.5685112876958346e-05,0.9859338959871399,0.006792043872745376,0.0034108914225407265,0.0012169373499326009
105,0.0006123261708601092,0.39036016753111613,0.1522039210262165,0.3799569890230178,5.8837441111005096e-05,0.003915764373244219,0.07214762264332908,0.0004827318225800818,0.0002616399685251304
106,0.04501468384372563,0.4261497313252099,0.17599963753339004,0.06758901288789929,0.03613472447623456,0.0739439817861914,0.07446154146932513,0.04639110838849747,0.05431557828952652
107,0.0001618660810752217,0.00011628432805748512,1.7128276818652198e-05,0.00017966814283015793,3.380301987320033e-05,0.9977840079235554,0.0009515269564377482,0.00020506761068159358,0.0005506476606706574
108,4.244596752431312e-07,0.6503144917859731,0.3342124546507153,0.015409749020633506,6.344171721446474e-06,1.1482188103336934e-06,5.52496375340571e-05,9.760472051432142e-08,4.045021664786799e-08
109,0.17291025809763996,0.05476617796731261,0.027476032897093248,0.007923868964842849,0.030554517163969737,0.4009329889953479,0.11614781006839844,0.11425914636085698,0.07502919948453822
110,0.011374738525241927,0.028908779832566785,0.03323099370963127,0.005674992353206135,0.00011961196589872627,0.02648777052382347,0.8674094344374681,0.02505011834654658,0.0017435603056170112
111,0.0001452932240133869,1.4605085861721951e-05,2.368542263978824e-06,2.9572262375607556e-05,7.14871093666831e-06,0.9913417991014344,0.0023338349016286744,0.005110324653031828,0.0010150535184537813
112,9.709609498054505e-06,1.0349500469236244e-05,1.7598720304034044e-06,2.938138249172892e-05,1.8336007151349434e-07,0.9993977128165087,0.00023991398747355994,0.00021398838524749493,9.7001086209348e-05
113,0.04714418735881794,0.014824227722250399,0.009677425452033168,0.006158744645857502,6.980923452247874e-05,0.08743674148563166,0.03046082067389318,0.7921850744685839,0.012042968958409816
114,2.0934253283396704e-05,0.7453286349777375,0.24658343158178694,0.007986314056442989,3.1247799375507147e-06,2.2064294848157063e-06,1.602817335166264e-05,3.275704034400273e-06,5.6050043940727176e-05
115,0.04501468384372563,0.4261497313252099,0.17599963753339004,0.06758901288789929,0.03613472447623456,0.0739439817861914,0.07446154146932513,0.04639110838849747,0.05431557828952652
116,4.8922722385393025e-06,2.589909650189102e-05,8.632869659772205e-07,1.775791966381166e-05,2.411580476905699e-07,0.999093919084695,0.00014935337864111203,0.00043576375724539246,0.00027131004600057203
117,2.860942522980688e-06,0.7442451270601037,0.1450962060477673,0.11060361665487539,8.990112655339195e-06,8.202880206674287e-06,2.121718735467506e-05,5.067399488963368e-07,1.3272374564998564e-05
118,0.0009446546167993955,0.7907484223256741,0.12649132968206178,0.062142130003580015,0.000454778402436529,0.005815725793378377,0.011940061305286225,0.0004884223174100228,0.0009744755533734631
119,0.00015456859712422637,0.4438320632561183,0.5023346696094125,0.05229814431179594,0.0012127308577738584,5.442790525528389e-06,0.00016141433888878137,7.006127032270888e-07,2.6562565765346257e-07
120,8.705564387285348e-05,0.7982786309904341,0.1907904098618459,0.008368358007642697,2.5682268779773597e-05,7.881645301743404e-05,0.0021841404145509957,3.5114422576639814e-05,0.00015179193727982482
121,0.12297033675536025,0.01650511609174469,0.009942630770216702,0.00019653998309533016,9.153267528697803e-05,0.03256979867191093,0.6969518961042173,0.11271883787239953,0.008053311075768307
122,4.0675804626202946e-07,0.9453611314428618,0.05062776310489386,0.003996826089939843,5.735731966062034e-06,4.4639529310639247e-07,6.935622511545413e-06,1.1917071373534261e-07,6.356837739987529e-07
123,3.0864063067901543e-06,6.680487688445429e-07,4.96474465122548e-08,3.117570903897979e-06,3.723556762905207e-07,0.9999487793802405,2.4008546185069728e-05,3.829181039097661e-06,1.608886343296503e-05
124,3.372234026531501e-06,1.2489289906361043e-05,3.4257891011677874e-07,4.084728453475231e-05,6.638598789703835e-07,0.9995284944248926,0.00010832149328449232,0.00010315193974303221,0.00020231689482308213
125,0.0001618660810752217,0.00011628432805748512,1.7128276818652198e-05,0.00017966814283015793,3.380301987320033e-05,0.9977840079235554,0.0009515269564377482,0.00020506761068159358,0.0005506476606706574
126,0.0008287623610528867,1.0065897573964692e-05,6.5587496735497545e-06,0.00022368021738719491,2.1386312877952027e-05,0.9598891309725839,0.002127846126395449,0.001400474763603938,0.03549209459885121
127,0.00021549636133787067,0.8713732368303236,0.09207487273745145,0.03558124425583247,0.0002215431202195826,0.00020466548994045873,0.000210890203646053,7.000464828502096e-06,0.00011105053641993973
128,2.7038551307430877e-05,4.3441597773451735e-06,2.0090391003847706e-07,2.985365053836835e-05,5.230386471981283e-06,0.9971158435505588,0.0001591752391322159,0.0019473186395031444,0.0007109949188007493
129,2.870495875395623e-05,8.81408351572929e-05,5.1141578581907505e-06,6.169218407434727e-05,4.4504865008667996e-07,0.9976974108212181,0.0008126711758884368,0.000875368354423524,0.00043045246397620517
130,2.1904061735358564e-05,0.7373619471257825,0.2619155459271537,0.0002572442328129441,7.183241833205705e-06,5.089702546303271e-06,0.00026172301456231284,5.9420509550692585e-05,0.00010994218402303287
131,2.0352263180911676e-05,0.7189563178601449,0.18998281673503903,0.09096545821756298,1.2871746105196244e-06,1.7276244751304403e-06,6.433201338178046e-05,3.7674901867295305e-06,3.940621418131943e-06
132,4.199971987818797e-06,0.4653652859117803,0.4472118025261917,0.08678696160831989,8.287345342264238e-06,1.9578509619020853e-05,0.0005935389714693399,4.165139134552869e-06,6.18001615521197e-06
133,0.025850091438558816,0.7315190084092684,0.15943119587170645,0.005677958190714796,0.005005596379965932,0.008679124694709018,0.0326476362246949,0.011331693019055077,0.019857695771326723
134,3.7259981270533466e-06,0.6328400921549407,0.3364324889543578,0.0306523119296667,1.6601954910250854e-06,1.3878743137551834e-06,6.490872142906264e-05,2.5356354626017974e-06,8.885362112297453e-07
135,0.00028443210330568057,0.5555086181615896,0.20385925741511907,0.23965405639044365,2.6434089151478796e-05,2.9050323039750736e-05,0.0005162475601731871,6.087906614358049e-05,6.1024891034067666e-05
136,0.009394614854946392,0.001068413429165205,0.0005741111802689551,0.05586959508460554,0.0009080720237487213,0.8908233283713319,0.0011349231968156032,0.00034472078760491067,0.03988222107151281
137,0.0014662465073387893,6.68026912786904e-05,1.3277888132537386e-05,0.00010702798967348951,6.795682507730219e-07,0.9376381088025478,0.05869471175642231,0.0012350045237089465,0.0007781402726467003
138,0.11759308537846631,0.00024009106183406928,0.0001554691654642164,0.0002281748257784816,2.0822958336601622e-05,0.1036543461459088,0.0016733879187566959,0.003197580675222194,0.7732370418702326
139,3.955303176010761e-05,9.391440631302978e-05,6.861343866180351e-06,7.104560535102368e-05,5.933412228557512e-07,0.9966835304966405,0.0010378123293382263,0.0014564342126052307,0.0006102552329027396
140,0.00011721257093301075,0.6453331051596536,0.2477774758869396,0.10486034875290015,0.0018680712141995418,5.04935148546516e-06,3.690774229619021e-05,7.269456014655291e-07,1.1023759909799097e-06
141,0.00015393140014434542,0.044770792653882965,0.502140689125816,0.1208335188968971,0.00030505991436455477,0.0042108430094443105,0.31895936788457946,0.007382525789430294,0.001243271325440879
142,0.17834609763890844,0.0010468103261551006,0.00025350867390832,0.0002724788711461286,0.001489100084368361,0.08834022686875367,0.042689562184420556,0.686226941039257,0.0013352743130824738
143,2.396706755245313e-05,0.22546851376722624,0.7682351241667607,0.00022477261237962917,0.0005298294652834224,0.00035504299067779335,0.0030941439186615138,0.0020559477834063557,1.2658228051806117e-05
144,0.016850271486311574,0.0015798718861345748,6.046541222698303e-06,0.005869467350541009,8.54667245813903e-05,0.9666731825699814,0.0037539095070317947,0.004433691224760497,0.0007480927094350733
145,0.0007261389436204517,3.724033028492472e-08,1.6539450397224112e-07,3.03649789198482e-06,7.326426027429866e-06,0.01393875492997079,1.1246195168439742e-05,0.9847008896381784,0.0006124047343083112
146,0.031075096559241615,0.0005075403418080311,0.002041274643957621,0.001147284296598896,0.0017716604838557744,0.028498485121721616,0.0049557560681276125,0.8998373390875416,0.030165563397147318
147,4.2727396562091324e-05,0.6981205269608727,0.2630882077280542,0.03783059340442456,0.0005964946298035446,6.725148290797352e-05,0.00022949676134584088,1.8599286515306112e-05,6.1023495137843385e-06
148,0.008178934033445329,0.5231708009580248,0.25056279776577634,0.0722518208796959,0.002847977062353939,0.012488016677162175,0.11959006667308557,0.007641947712092005,0.003267638238363878
149,5.195269833765811e-06,3.878298216298692e-06,7.8426645144803e-08,4.360487396349575e-06,5.797522956663179e-07,0.9981677268970367,1.8456130092062066e-05,0.0010101738850007743,0.0007895508534832388
150,0.009387698370393601,2.337572311687982e-05,7.414221757026673e-06,0.0040558753024300224,7.112388719804943e-05,0.9845493111518018,0.0004209725105347937,0.00011824792890252723,0.001365980903865273
151,5.059698996459804e-05,0.0001286942834169045,6.474454457323274e-06,6.24667694911001e-05,5.863137553438393e-07,0.9970925841957883,0.0008032667683528892,0.0010351137005983778,0.0008202165241751911
152,1.1068837818529478e-05,4.65699056055932e-06,2.0922051615407678e-07,1.4174325998635864e-05,2.2737350224710487e-07,0.9995073824782686,0.00011742256335643225,0.00021044110768957748,0.0001344171022890923
153,5.1999059991248177e-05,6.711499768802284e-06,1.665572570389522e-07,3.0543715492279894e-05,3.294591178806004e-06,0.9987961208029922,0.0003085180307654027,0.0006134196243154938,0.0001892261182387497
154,0.1821463991859932,0.08047105788151265,0.007692936403205761,0.026756567899799702,0.028847286075221502,0.39084572720255434,0.07756701481368165,0.08047698723814563,0.12519602329988555
155,2.199927140617711e-06,0.8544149201229381,0.13184280134883722,0.013246445046869715,1.7547306429957187e-06,3.842064501486224e-06,0.00048415421728590226,1.1301454567277556e-06,2.7523963273704397e-06
156,1.1182080858990212e-06,0.7075654451778288,0.23042025063697655,0.061588482318343865,1.5133188433761862e-06,6.070697728847988e-06,0.0004151848788482086,6.880532985331157e-07,1.2467100455777353e-06
157,2.411634954233412e-05,0.7045675955088644,0.1284458529463987,0.16637412294866344,3.0417937134563855e-05,8.124452369009588e-05,0.0003618586739791286,1.1398793908630993e-05,0.00010339231781881014
158,1.1017277598155981e-05,0.6419781518168927,0.24304722070163184,0.11469623414085951,1.1345214440593782e-05,1.222053534638377e-05,0.00020587606423456728,2.2672284840125715e-05,1.5261964156301454e-05
159,0.04266610046280529,0.00035279544289572816,4.6791593331309255e-05,0.0003505489968986983,4.5435828248006e-05,0.869914245856849,0.022629382972066507,0.05910684543515316,0.004887853411752221
160,0.0010348516147881972,0.7097726420436573,0.14174508905183822,0.14030269685669355,0.00019209784215235907,0.0015246349188292206,0.0012629881945712506,0.00023611674619725131,0.003928882731272888
161,3.035601481194458e-05,0.5660532409622677,0.40562745058808175,0.00403722485654751,0.00025319956722317193,0.003136802833622684,0.00041728828946774224,0.020429453279359563,1.4983608617998367e-05
162,0.00048155840146743936,0.6841575863090988,0.2536072992319384,0.05052810376188826,0.009143992568694683,0.00011494966994980593,0.0016740610926568524,0.00014959075026548373,0.00014285821404029332
163,2.2994400476229358e-05,0.7325803909285666,0.2507735935417592,0.01654713463138601,3.7262418658373244e-06,2.6471164539724903e-06,2.7962212647945467e-05,3.957093976832662e-06,3.759383286737024e-05
164,0.001790033263367739,2.4638258911491188e-05,4.822273472804205e-06,3.1680979942798465e-05,6.509845455124832e-06,0.9817781362863052,0.008630946950298517,0.007601014641270833,0.00013221750097558004
165,5.326683130917688e-05,0.00012141444978710619,6.645830711318117e-06,3.938917697476627e-05,5.266811678515696e-07,0.9946612044658087,0.0009997469221716367,0.0036484895795618126,0.00046931606250755274
166,0.02572201758684483,0.00044864883770655295,0.0004357794402084713,0.00016188549064537634,1.8525827315625657e-05,0.011061324200208894,0.03371201280358921,0.9276491792062164,0.0007906266072647108
167,5.3825609697879003e-05,0.22038735845996887,0.3004685506567617,0.37148050914622627,1.4533088159822168e-05,0.0002467083441434216,0.10727691783145474,5.302546710969319e-05,1.857139647767366e-05
168,0.0006973948132555688,0.5901766941238569,0.37047490484918727,0.037341123944353946,0.00011299794692572516,4.447496513160923e-05,0.00033162392373416,2.1439838824294133e-05,0.0007993455947307189
169,0.00044172800261493546,0.7343416415860411,0.17459264827680804,0.0878067750282693,0.0005837824118272676,8.557869528550122e-05,0.0015258293583085825,0.00025722670679311177,0.00036478993405226513
170,2.997691491585972e-06,0.8495430106981444,0.14569407754044264,0.004627700232528339,9.490569601162155e-06,3.4518942846240362e-06,0.00011542763933521112,1.3885633805678033e-06,2.4551707912130955e-06
171,2.78773689066613e-05,3.9640127660029696e-05,2.1832334390545802e-06,3.9070611703146676e-05,3.724874959870188e-07,0.9983545215498457,0.000581608130536075,0.0006591787866940959,0.0002955477037192638
172,2.1216691321099303e-06,0.7864572974988698,0.196750179038153,0.01606942222054096,3.378894384062192e-06,6.439447552421189e-06,0.0007086813132987914,1.1916855032639285e-06,1.2882325653518586e-06
173,0.04501468384372563,0.4261497313252099,0.17599963753339004,0.06758901288789929,0.03613472447623456,0.0739439817861914,0.07446154146932513,0.04639110838849747,0.05431557828952652
174,0.00046429044854034957,0.6346835804485876,0.3262109800574003,0.008535717444567556,0.00010061661713482736,0.00020970593139516995,0.029559731447775833,0.00017780525968582456,5.757234491227223e-05
175,1.5750886529235232e-05,0.010004820145737425,0.0007444868604307764,0.00444847260635263,0.9846579177652125,1.2815331295704144e-05,3.185113231881267e-05,5.851554158424186e-06,7.803371796466303e-05
176,0.0008036120106381059,0.05421078480569835,0.037836553403084235,0.014581254295352083,0.8886033911478666,0.0003245146220675013,0.0016422200596626333,0.0004089984341584939,0.001588671221472027
177,0.00016267063260827153,6.220749027949821e-06,1.0378345098223462e-05,1.4539985741833405e-05,9.884849448605835e-07,0.0014764809915852974,0.0002627363405146423,0.9979601653226317,0.00010581914784712195
178,0.001819847550941893,6.824058751766195e-06,1.9074988464449e-06,0.00011386665899861315,2.678151864432314e-05,0.9928833602537552,0.0016823719390516685,0.0018982759063831346,0.001566764614626955
179,0.005061671374284099,0.0006245599944803396,1.4355984809047262e-05,0.00024937101726887147,0.00038438765314573593,0.23654705816379745,0.0004740182658741851,0.0009485004565909585,0.7556960770897494
180,4.530528774840541e-05,0.6058469667353821,0.0838031105384344,0.3077048010540954,6.636652464809925e-05,0.0003090554098579329,0.0021510118950489,5.694413432089607e-05,1.643842046404688e-05
181,0.12347533365530516,0.337245323686991,0.05091780379014854,0.0004641192075657611,0.002263556592570796,0.03659339906995654,0.09407436794839603,0.09747604431143303,0.2574900517376331
182,3.7085248703654053e-06,7.89857688749178e-06,2.692112253173365e-07,1.3205082615729373e-05,1.7497724338548316e-07,0.9995890410556999,5.571960463630111e-05,0.00011568021042998365,0.0002143027563914112
183,4.305252725680266e-06,0.689384370725741,0.283432169619096,0.027146355022541917,8.571564504336355e-07,9.434788693568684e-07,2.941242923158437e-05,9.117672327946604e-07,6.74548111659058e-07
184,1.1984763634502031e-05,0.8078831845677752,0.1744919583651667,0.017478837600539872,8.31973427958915e-06,7.889801427423565e-06,8.112278406362106e-05,7.781162723728083e-06,2.8921220389377863e-05
185,0.0006694613235180237,0.1973595994069266,0.5843461986524316,0.0004016875302174027,0.0008282767500458289,0.002523963252964955,0.032106912050630626,0.15987159023889666,0.021892310794368233
186,0.005112572535483542,0.6885930755318136,0.16614140597510801,0.1104936517575751,0.0017821769568866636,0.008115094169147906,0.007671090538436731,0.001967754087436273,0.010123178448112198
187,0.00210456995837668,1.7509117609432445e-05,1.4356745543924852e-05,4.716847817762053e-05,1.4047072135881156e-05,0.03427142081533024,0.0013818877502698582,0.961768368044459,0.00038067201809742837
188,0.0006181356839552926,0.00010875594688210739,2.322036783962757e-05,2.8941632032589764e-05,4.257594898972026e-06,0.03250866748356037,0.0006625608843592766,0.9648270650151802,0.0012183953912915523
189,0.019858355921702816,0.0010540796457219283,0.0007567376341744398,0.04872802073817108,0.0007341278895392593,0.892487710497206,0.0016776676162243707,0.0006190886485427675,0.03408421140871732
190,0.011114864927034274,0.6689746878126577,0.27246433138004844,0.011526072155272729,0.000917556598956002,0.001807921681049909,0.02920698749122095,0.001894285086142853,0.002093292867617433
191,0.0015125192539518413,2.0268762996000646e-08,2.339717059091508e-07,2.240278773860763e-06,4.59852320551865e-06,0.005512398770277301,1.2814569396908461e-05,0.9924816702536088,0.0004735041103168423
192,5.868963318755386e-06,6.6289148645196665e-06,6.159211237804668e-07,3.1249528938512136e-05,1.0189901039587893e-06,0.9982235974042649,0.00031759779263759144,0.00021109203271114636,0.0012023304520367198
193,9.01727117487996e-06,8.670475577052843e-06,4.894905663849676e-07,4.3316770005604874e-05,5.824195106182507e-07,0.9993036735299083,0.00017951369526744205,0.00025653409172369954,0.00019820225626582922
194,9.754507240495134e-05,0.5182258309957724,0.46904486539318413,0.0004683251001175016,0.0017315631531617016,0.003370773020167548,0.0018944204926869034,0.005030794836400837,0.00013588193610389478
195,6.616278415509278e-06,0.5449843474045108,0.384414704692816,0.07029133978201516,2.712633567994875e-05,3.642002814379921e-05,0.00023203159207041096,2.7652709331006634e-06,4.648615415255514e-06
196,0.0007013399526001618,1.568276248601095e-05,2.0681311664093705e-06,0.00010138505184582022,3.7836717502371583e-06,0.9933045713911486,0.00307500248519986,0.0023286494441421305,0.0004675171096607195
197,0.005286943763654144,0.00032013712924426743,0.0001295655476370594,0.000554930854200256,0.00019048701904322187,0.9565765085776295,0.022199960754219168,0.014421840215732352,0.00031962613864004177
198,0.10636681522699104,0.0012313244096201269,0.003420822918228017,0.00832228243932284,0.001511602814521689,0.7149746182634759,0.11076827117651156,0.026002663414372684,0.02740159933695617
199,0.006765914206892647,0.7042335265042623,0.15318806879760316,0.03571885545985467,0.04111051324928676,0.00608940278318441,0.023469628313504815,0.012394473401800962,0.017029617283610268
200,0.04501468384372563,0.4261497313252099,0.17599963753339004,0.06758901288789929,0.03613472447623456,0.0739439817861914,0.07446154146932513,0.04639110838849747,0.05431557828952652
201,2.7162796444769654e-07,0.008062205853859796,4.838459247677469e-05,0.00028985770534105106,0.9915929395450094,9.356393876921873e-08,6.178055889973915e-06,1.9830984887284557e-08,4.922453501443159e-08
202,4.4877820787334966e-07,2.338154265041804e-06,3.4528462874739486e-08,4.0834224162730256e-06,1.807923756090365e-07,0.9997722631972171,1.1789264927075385e-05,9.386423977421358e-05,0.00011499762235384757
203,0.08377475633371988,0.0005768455382740519,0.0014081565752059348,0.0007420300994969096,0.0003068488404124026,0.024875561671944536,0.016512176138785,0.8459312519201809,0.025872372881980396
